> source("cacheMatrix.R")
> a <- makeCacheMatrix(matrix(runif(1:25),5,5))  ## Call the  function with a 5x5 matrix
> a$get()            ## Check the stored matrix
           [,1]      [,2]       [,3]       [,4]       [,5]
[1,] 0.81150981 0.1106605 0.31218807 0.22438278 0.22199920
[2,] 0.39063581 0.2509012 0.06299061 0.04833804 0.41273101
[3,] 0.84285339 0.2880071 0.97871690 0.33047473 0.06492518
[4,] 0.92602920 0.7106236 0.67702572 0.11609697 0.30762333
[5,] 0.05648537 0.2208693 0.09502822 0.60527345 0.43138851
> b <- cacheSolve(a)    ## call the 'cacheSolve() function with the matrix
> b                     ## check the value of b to check the inverse matrix returned
           [,1]      [,2]       [,3]       [,4]       [,5]
[1,]  2.1794611 -1.112245 -0.9660630  0.5363933 -0.2945512
[2,] -0.2314728 -2.425301 -1.7743246  2.7974796  0.7116839
[3,] -2.1917979  2.320871  2.5597383 -1.3569971 -0.5101334
[4,]  1.4802267 -2.892461 -0.8796744  0.6202101  1.6957363
[5,] -1.7609225  4.934489  1.7053269 -2.0738137 -0.2745979
> a$getInverse()       ## check if the inverse matrix stored is same
           [,1]      [,2]       [,3]       [,4]       [,5]
[1,]  2.1794611 -1.112245 -0.9660630  0.5363933 -0.2945512
[2,] -0.2314728 -2.425301 -1.7743246  2.7974796  0.7116839
[3,] -2.1917979  2.320871  2.5597383 -1.3569971 -0.5101334
[4,]  1.4802267 -2.892461 -0.8796744  0.6202101  1.6957363
[5,] -1.7609225  4.934489  1.7053269 -2.0738137 -0.2745979
> b <- cacheSolve(a)    ## call the 'cacheSolve() function again to see the message
Getting cached inverse matrix data
> a$get() %*% b         ## should return a identity matrix
              [,1]          [,2]          [,3]          [,4]          [,5]
[1,]  1.000000e+00 -2.220446e-16 -5.551115e-17  0.000000e+00 -6.938894e-18
[2,]  0.000000e+00  1.000000e+00 -1.110223e-16 -1.110223e-16 -4.163336e-17
[3,]  1.804112e-16  5.551115e-17  1.000000e+00 -2.498002e-16 -7.979728e-17
[4,] -1.110223e-16  2.220446e-16 -2.220446e-16  1.000000e+00 -2.775558e-17
[5,]  1.110223e-16  4.440892e-16 -1.110223e-16  1.110223e-16  1.000000e+00
> 